100570008000020000006800300200040000500001096000000407640000100801000000092084003
200009760000050000000000040000003058040190003009800000006000000507000200320000870
806000000050000300002900807000504000080000000300000709020005041000090060060018000
000010090032000065000800704050400006009000000700002050000007209800000000600090007
012005098560000000800000020000000400600730500000000000090670050200089001030500060
000000005002059010030040072000300760041000000070002100000801200053400000204000000
000000010000040002000508907008070000070309400006050739002017000300005000045003000
000300000007050021800041630200000000090605010000000004021760003740010900000008000
000000400020000000507920001052060000300081900940000300060002800005807040000650200
000000000021709480040801030063020190000106000084090250070903040058602310000000000
000040070040030201020150030008000000000300628500060100002003000090000350400600000
000000000100050003093000180000000000009708300860000071920070034500903008000804000
700003000000000900139000080200500009000060000654002000308600500020300400006805103
000900000000000710000042060600005008001000590007200006090020004028060000000408902
000200000000040900000000528600004002080001000000982070076000003003005001004700250
000000000100000873250000010920000007800100025370029000083047000000050000000031060
050003020000010000007040580100000040004092050030080900200000700006708000301000400
009000058100040002006000970000100200000090580000800000570016000000020860020004000
000820040500000010004300006600400000700100050020008007050009000060000000300060704
000004070805000960000000800300060002000080009280100600008000300007040005000902000
700000000400060090006000815308010040009600020040078100000005000500090600002000004
800006040270050000005004020602000508003000000410200000000010000080700090000000370
000000510050200800090060307080706040230010060000030000001480000000052080000603000
004008200000050000720003001000070600690000030310000000000000080008009007400600102
004000039000058000200600008007500000400009060100080020030107800000000152000400003
010000600078600000400020500005003200000050100049072000000005010000034906800001003
200080000600900000000400083000090100025000070000070006106009000009005007800060500
900002638070004000003005000000807100630000090000300000000500300000000040798100002
930200807004050009070000000609000408003001000200000905000060000006003002000840060
900630000080002706050000090020017030004000200105080000000000040009000005210000309
000910030503200600600500070008000009210000700000090180020407005300000000000000003
000600300000009001720000040004000008007400520200006070800010600500007000910300000
000800943093000650010000000000940000500000007000038000060000030084060520230004000
005000090403000002010600003000008000570000030089000507000007100000480000900320704
000000000715000000680007500040090032070043000000002000100000040908000016004006093
000000860301970402800000000610009000000004390400800000000090070002000001000056080
100009000900007040004005800700000390000060100001400006002010000000800020300000500