000800000160034009000010035008020070040000050010070300530040000700950061000008000
970603500000800002000095001005000004020000010400000900100930000800006000006407035
050200006000010028907060400006700000300000005000004100002080903690070000800002010
800004590050600003300009800000036000680000042000420000001900004400003010028100009
004072000009140708300000000080001070500807002060300080000000003906034800000780600
000000006690017008300260000050029080003000600010380050000032004200890061700000000
300480200600100890090050000030500600906000405008004020000060070089001002007023008
009200800800090021010008900090074080000000000040160070002400090960050002007009300
008400002000030000030060809060009400800603001005200030607080020000020000400005700
070000090209700400000090560000600041003050600940007000092060000007004109030000050
020000000007014006630000012080700000700502003000006050540000031200370500000000020
050000000914023000000900040200050008530807021100040006060001000000630982000000010
040000300300200070087004090079540000200719008000083920020400510050008009004000080
900045000460030002008100000076020400309000708001080360000001500100070036000850001
708500040000060050000200307000000290250090084079000000601008000020050000090004608
000002100000081630000649020020004800800000005001900040090273000037490000006800000
003074000061000000450900000080009706370000028906800050000006012000000570000450300
300075000500000180000400073001080945000104000984050200490001000056000001000530009
802000000000013004000000702050000160003507400084000020608000000500730000000000803
120700500000000820000064300389000100000030000004000653002570000041000000005008019
000047002400010000021000840000004085040000090970300000036000920000090008100760000
056017300000003009020600010500000900602309501001000008030008060200900000008130490
260030800001000020500420601070200060000105000050009010803094006090000200006050034
000000108046890200000036005100070080020000050070050001300940000009015430407000000
059006400000007000038040097800100030000468000060005009410050780000800000005600910
090500063002007000580004000209400000050000030000008206000100079000800600160003040
000000560000870002020005701800300040390010025010008003506400010100097000049000000
000000040000034607030600082900806004005010900700309001560003020304280000080000000
000010700010036900000208600067100005090000040300007120003801000004620010001040000
050008000400020800020700040005001080006405700070200300030002060002030007000100090
701000206000007050080560000000705903200090008504103000000076020060300000807000605
600801000000000001003054070170000420005106800086000017060340200700000000000608004
800000006000030000341070005405001608002040500708300401100060942000010000200000003
060502003000064100090370006070000008000231000200000040700023010003650000600109070
306090000000000670070004059700010400003408200009050006980300020032000000000020801
200039040009040200000500700000000094004275100650000000007003000006020900080160002
064070080300100000007306050000052100000080000001930000040203800000007009020010370
270050000000006100080000000019305040800000007030809610000000080001700000000030054
060010037800400590900003000000300010000579000070001000000800006089004001720090040
600800000870020400300000750000005070054060230030900000023000004008030097000006002
001805000060700890080000000040007009827000136600300070000000020079003010000401900
609003700070040000300920000500100020098000370020008005000059001000030090006800407
870004016100007800060000000000080700600903001003050000000000080006100009920400073
000000700060040208000702010403020056000000000270090401090804000507060040002000000
307006000100035040000190002400000080680000015090000004700018000060270001000600807
053000460000130005070084000405000003080000020900000106000470080700012000042000310
000082003003960000800300520300120000001000300000039007084007009000098200200640000
000000800094800060050093000003040002007309600600080300000470030030006250005000000
000008107000002040190540020070080004500000003900070010010056072020100000603800000
000090073400008000820000910000026007060010090300470000046000028000600005130080000
000400095050000407710000000400235070000708000070694003000000086301000020980006000
000006002401900600700230000800069007090701050100840009000093006006002105300600000
070806100000400005012000030008600009001904300900003500030000490800009000004708050
000090205079000030005700004900003001000908000600400002300006800080000510501040000
206004000400700008007009004600000040142000953030000006500800400800003009000500601
000280009000060040400003780780000300200040007001000065092300001030050000500026000
760000000800300000010780004509802400000000000004109602100047020000008003000000089
006005004204600000700040030310000600008503400002000093070060002000001905900300800
005000200100306000020000080030850006580070093700034050010000020000502009004000600
400006000030000005065030401001508020040000050070309600307090540900000030000700009
050700009460050072000300001000076000020905010000410000500002000270090086600007030
000054007060000000085190200620000000378000965000000028004032610000000070100460000
000070900060001000007009032050300100608090204001004070480700300000200090005030000
005000000206000008030420100387100006000060000100005493004081030500000204000000900
500060000008974030300008400010020003003000500200080010006100004050837600000090007
800090001243105000006700082081000004000000000600000190760001400000402876400070003
000200000000490023502001090000000061005602700370000000030100908690073000000008000
000000090405001003200080060800096050390000042020430006030010009100700405050000000
500900100089040070000070503003004009090000040600300800201090000050030920006007005
730001020004509700000000109090050800600000004001070050908000000002105900060400083
050010042030000006000096700605040001002000900100020507003560000500000010260070050
000150006000003020000600130400390081093000640870016009019004000040900000300081000
156000000700200600004090570000070410000906000015030000071060300002004006000000947
000100370076800000800007000040072000730000069000560010000700004000009820094005000
000710000060003005702040080908000041000000000310000507090080206600400010000079000
000417085701800000000000040000025008009000500800730000020000000000008601180349000
780002650060107000004000000600700000930000071000003006000000500000304090042900083
000000100020050793409000005000410002000807000600032000200000607836090050001000000
400800000028090010010000704005009007100020009300400100506000070080010640000003008
709000000060309400050008200900000708080070020207000001006100080001502040000000106
500039408004000100063800000020000007000267000700000030000006350009000600605480009
000032045000005300005900028200004010000708000090300002120003700009200000830160000
008700300500081007007360000200009100040000080003600004000076500700810002004003700
405000070001060903090000005000001090508040706010700000700000040904030800080000607
003074000708000010200000300300042690400000005095680002001000009040000508000890100
087040000002000005409005000700020530000403000063090007000200609900000800000030120
020000000703600804900008600400005080000931000030400009009100002104007508000000040
005800060130004000079050000093008600002040800006900150000080420000400038050002900
200905300600208400000000005050600012100080004820001050700000000002807003009304008
300500080000490000060002300800007200076040590009100006003800050000039000010004003
024300800050006043000100000030007020009060400040500030000004000470900060006001370
000060207000700580073000010000003009000195000100800000090000320045009000607010000
000183002802000036070002000120300000005060200000008073000400080980000407500829000
090008071001060903000000050800040009070000040300050008050000000709080100640500090
356100000074000590000020003060037100000208000002910050400060000017000680000001435
046000000008920056000080007030400000005302600000006090100050000590063200000000730
008007059600503000007040000000009005900205001700800000000050400000608002360700900
405280301800000007001000060030750600040000030009041080080000900900000008206094503
000002409200007800070950026000061000500000001000820000820096030006200004901500000
053700000000049000490002001000000156000504000765000000800600097000480000000003280
