040050900073002081800100070090000800400000006008000020030005008750800290009020050
134000009000007003000530001060010200002703600008050070400071000800300000200000187
950000046200008001000970000080306100002000500006109080000012000600700008710000054
000390200000002600732015400065000004307000902100000730008150349001900000003074000
000012060600830700070009000307000010240000075050000209000400080004098007030170000
309400002000008000000562003032000105004000300801000940400679000000300000500001604
700023056520007090003100700850701600300000008006508017005006300060300071930810005
009010580280030010700400002000801900410090023007302000100004008030070045048020100
000076000046003090000240030450000300709000506003000078080032000070800420000610000
004091030560000010001600204600020300100709006007050002408003700070000083010870400
000850000089007020003000540050010004800403002200080060075000200020500490000078000
000034000000908600029000500250090060300825009010040057003000740006103000000460000
008003020300805000000010006790000040001060500080000061400030000000507002020100700
000002400009007300720360090860000900002010800004000065010096043007500200003200000
400017206002500000600000050300070010200946007070030005040000001000001500103650004
003008540950020010100005007709000000080010060000000401800200004090050078037900100
037200650500006802680000007070302008000080000800507090900000026706400005048005710
000001030100600700095300600500070940000104000046030007004003160001007003080400000
200069001030000020008200900400020700700945008001080009004006100010000090600830007
005900800030000070200008004003010005000863000100070900800500007010000060007002400
900700041307000600018030720000010006004602800800040000081060570005000208730008004
000020060810507020000680000080000670205030801037000090000078000050204086070060000
000900000070001020004706500045090206000605000906080130009508300010300040000004000
000000600047003010900210050080040300006501400004090060090087006010900840008000000
000000900024530010300960070000609520019000480056208000090021004040096350003000000
200005806007802000800006010526000070000000000070000692080600001000309700304700005
009500100024000050500004093002080005000612000600050200470900008030000920006001500
040019200008000009900002050704060000300108002000090604010400006400000800006580040
001030500009001000600890013070060900903407802008020030530086009000100300002050400
000800200080040050400507000005104307070000080209708400000205006050070090007001000
002800000005006200040209057061020308000301000207090460170603020003900700000004600
007009000010740020000008001401050030080106040060090802300900000040063090000400500
053002600060070025207004803804000000010080050000000408706200501940010030001700280
000080700031700040905000180000805090600010005050604000083000904060009310004060000
020005000006010003007038510605000000018020370000000104079140800100050400000900030
030009800096080025200640090700000500019000340003000008020051007350060980004300050
060000920300260004100409000008020140040903080091080200000105008900046002083000060
007050200001600000200000068000765020600408007070329000510000006000007900003080500
030800020100200009009004100004901078000050000820607500008100600300006005050002040
010800000005064001004200860070000206080070090409000080058001600600790500000006040
004003280610000040200810006300080100007309800002040007500036008070000029086400300
092100700008090002100005096006000008030080040800000200360500007700010300004007850
090246000000050003005700800900000107760000038502000009009003500100020000000815040
005900020301000000000007064009801007000030000800206900120500000000000306050004200
500200001009300400020097060001000039002000600970000100010640090004008700200009003
050007010301000007009010430100905000005040100000801002072080300800000601010600070
000180500082003090900700060010000609200000003605000080020008006090200710003047000
607002009090008250050000007430709000000060000000403072700000090025600080800900701
045200170670050082100000006000020001060907030400030000700000005530070098016005240
005240800070008040400600009050302904200080003803504070500006008040100050007053400
020008040400901305050040000740000080002000700010000036000090010108206004030400060
010700500004502006200060030090406028008000700430807060060070005800605200003008010
009002060384900050000400038200000740000070000016000009850009000040005876020800500
970050068608000501050004070007306000300040005000502600090600050706000102230010096
090300020460000038003040500000090004004176800100080000005060900370000085040005070
609780002003040000000006037007000005590000024300000800830500000000010600100064703
000400050290050130030010000000861002081902340700345000000020060052030018010004000
902307004000040000000901005706000402040000080208000906300706000000090000500408301
000010600000906100210503000082000370300090005049000210000607031007208000008030000
003890500005000700890000032000421003200709005300586000470000028002000300001068900
006000050250069030008500609060090500030201080005070010503004700020780095080000200
002010000008607900030800017090000140200000006046000050920006080004305700000090500
200800095703000100050900030000629801000105000508734000030007080005000703620008009
000900020190003070007080500020804003006000400400207090002040300040700056070002000
000900000061002080007008240086030005000809000700010320028300500010600830000001000
001002000070900230090004005204080070000201000080050302700300020016005040000100900
900400023300079500050230000010000307036000410409000060000092030008340001140008002
208006009000790800070020005600000050087040230030000008300050060002064000800200701
004570000050000410070004002001030005500907001200010900300200070042000030000058200
003490500000021000100700009080000607950000028607000040400002001000140000008079400
400090302082400090300000080000709050700080001060302000050000004040003210901040006
500100604002030000600408050007000309040010020203000100080205003000090800904001002
002003080800001000009280701690000400008040300007000092504032900000500003020700500
000280000010004090003001600092703001600000002400102870007800400050400030000015000
900600802002190000600040050000000085035000920710000000070020003000059600503001008
002096010600003700010420008760000100509000804004000079200031040001200007090870200
800409001000057000006180700160000508078000410904000072003048100000960000400701006
500634002000007000004820500840000905607090304903000067009045800000900000400183009
602070004070000680080004007007209000900010002000407800300700040096000030800060705
904080036500900700070500008000000420400000009026000000200008090003002001840010203
600002053203510000000009060508000020060000040070000501030900000000031805190600004
086000470400600803710080002000060080004801500070030000800070054107008006065000720
040005200002090004906400370200000800070000010003000009018003502600010900009500060
004000050802506000000090062050010020001372600020080030670030000000701906040000200
605070003030000050002300907000854600200106008001297000508009400020000070900080501
000500000040091060008630100050000901017000250209000070005073600080150040000004000
500400108000007000708002600035080007000504000600070540001700405000300000306005001
090005200020060058500270000400000900089000740003000005000081004130050090002700010
500000003000002400084073100073060000005304200000080390008620510001500000400000007
000060010680000930037009200003070000900806003000050400006500820018000076020010000
500001009000250400080070000100704020069000540070305001000040090006028000800100002
051000960708500001200001057003405080000010000010309200670900005300004702092000640
300650009005002000009080450090000008602040507800000040028030600000200700400061002
016070200003400009900008036008204010100000002020601300890300001200006500001020840
000020400050000010608103900007201800300000002009605700001904203020000080004010000
020360090801020003000078060007000006139000285600000700050280000300090604010034050
100906007060073040000080000780401009021000380600802071000060000070520010900704008
300600005095030070000007040009080004010502060500060800050800000070090420100006008
060000700005190003800200090000305470010080030053406000090001008500038900006000040
107300026230480050000060001000000069082000510950000000800040000060018092710009604
